100
4095
9918
91
1
9979
1
135
377
14
7631
8040
9795
1153
2103
369
2629
4817
73
3431
8775
39
83
9232
83
7801
7801
7801
963
6202
6612
6669
8437
3770
5878
6731
6893
21
497
16
66
1932
8038
66
386
52
214
449
76
511
9708
22
501
9365
55
589
9324
6
209
3842
258
188
9556
31
330
9824
79
134
9077
27
35
9681
85
743
9943
38
3176
7912
9616
856
9102
18
586
9867
65
12
4825
4356
120
9558
22
5976
9071
3677
765
9912
72
6115
8969
808
155
9555
86
92
166
24
14
9983
9
659
1777
6826
3843
7240
2785
875
9394
25
568
9089
68
181
9953
30
2
9866
8
762
9298
79
6196
6196
6196
133
9350
90
407
9884
70
6176
6527
5427
31
9977
2
742
9456
79
13
9985
10
5174
8034
26
4695
5063
5322
682
9505
12
468
9764
91
755
9387
94
338
9661
75
587
9807
61
143
9137
37
679
9726
80
4916
4995
7379
6135
6139
362
596
6886
85
527
9301
23
1079
5489
90
15
9978
7
243
9288
34
22
9916
3
7
9983
5
403
417
7
18
9888
4
529
6891
53
219
9746
97
1505
6486
94
72
7237
913
57
89
62
697
3122
5634
1767
9719
9991
6363
9912
8373
2895
9014
8218
3591
9845
8829
938
9780
34
745
9807
74
2235
8601
1477
462
9153
4
6308
9841
370
477
9296
56
562
9923
44
36
9809
56
8125
8446
1778
25
9993
6
4734
5435
9027
922
9272
79
137
9167
27
7634
8870
9736
1256
2793
8
2173
2424
6517
506
9285
3435
652
9716
4
49
240
49
5646
5646
5646
